id,player_name,total_points,points_per_game,start_cost,end_cost,starts,points_per_start,pts/£
381,Mohamed Salah,344,9.1,12.5,13.6,38,9.052631578947368,27.52
119,Bryan Mbeumo,236,6.2,7.0,8.3,38,6.2105263157894735,33.714285714285715
235,Cole Palmer,214,5.8,10.5,10.5,36,5.944444444444445,20.38095238095238
499,Alexander Isak,211,6.2,8.5,9.4,34,6.205882352941177,24.823529411764707
525,Chris Wood,200,5.6,6.0,7.2,35,5.714285714285714,33.333333333333336
624,Jarrod Bowen,193,5.7,7.5,7.9,34,5.676470588235294,25.733333333333334
64,Ollie Watkins,186,4.9,9.0,9.2,31,6.0,20.666666666666668
135,Yoane Wissa,185,5.3,6.0,6.9,34,5.4411764705882355,30.833333333333332
383,Luis Díaz Marulanda,183,5.1,7.5,7.5,28,6.535714285714286,24.4
430,Erling Haaland,181,5.8,15.0,14.9,31,5.838709677419355,12.066666666666666
450,Matheus Santos Carneiro da Cunha,178,5.4,6.5,7.0,29,6.137931034482759,27.384615384615383
449,Bruno Borges Fernandes,174,4.8,8.5,8.4,35,4.9714285714285715,20.470588235294116
82,Antoine Semenyo,165,4.5,5.5,5.7,36,4.583333333333333,30.0
47,Morgan Rogers,161,4.4,5.0,5.8,37,4.351351351351352,32.2
489,Jacob Murphy,159,4.5,5.5,5.2,31,5.129032258064516,28.90909090909091
81,Justin Kluivert,158,4.6,5.5,5.9,29,5.448275862068965,28.727272727272727
287,Jordan Pickford,158,4.2,5.0,5.2,38,4.157894736842105,31.6
324,Alex Iwobi,156,4.1,5.5,5.4,35,4.457142857142857,28.363636363636363
515,Morgan Gibbs-White,154,4.5,6.5,6.5,34,4.529411764705882,23.692307692307693
486,Anthony Elanga,153,4.0,5.5,5.5,31,4.935483870967742,27.818181818181817
403,Joško Gvardiol,153,4.1,6.0,6.5,36,4.25,25.5
20,Leandro Trossard,152,4.0,7.0,6.7,28,5.428571428571429,21.714285714285715
283,Jean-Philippe Mateta,150,4.1,7.5,7.5,33,4.545454545454546,20.0
502,Matz Sels,150,3.9,4.5,5.2,38,3.9473684210526314,33.333333333333336
120,Kevin Schade,149,3.9,5.5,5.3,26,5.730769230769231,27.09090909090909
267,Ismaïla Sarr,149,3.9,6.0,5.5,30,4.966666666666667,24.833333333333332
266,Eberechi Eze,148,4.4,7.0,7.0,31,4.774193548387097,21.142857142857142
337,Raúl Jiménez Rodríguez,147,3.9,5.5,5.3,30,4.9,26.727272727272727
505,Nikola Milenković,145,3.9,4.5,5.2,37,3.918918918918919,32.22222222222222
157,Mitoma Kaoru,145,4.0,6.5,6.3,28,5.178571428571429,22.307692307692307
654,Jørgen Strand Larsen,145,4.1,5.5,5.2,30,4.833333333333333,26.363636363636363
373,Virgil van Dijk,143,3.9,6.0,6.7,37,3.864864864864865,23.833333333333332
387,Dominik Szoboszlai,143,4.0,6.5,6.1,29,4.931034482758621,22.0
256,Daniel Muñoz Mejía,142,3.8,5.0,5.2,37,3.8378378378378377,28.4
1,David Raya Martín,142,3.7,5.5,5.6,38,3.736842105263158,25.818181818181817
580,Brennan Johnson,137,4.2,6.5,6.2,24,5.708333333333333,21.076923076923077
253,Dean Henderson,135,3.6,4.5,4.6,38,3.5526315789473686,30.0
488,Bruno Guimarães Rodriguez Moura,135,3.6,6.5,6.2,38,3.5526315789473686,20.76923076923077
237,Enzo Fernández,135,3.8,5.0,4.7,32,4.21875,27.0
371,Milos Kerkez,134,3.5,4.5,5.3,38,3.526315789473684,29.77777777777778
581,James Maddison,133,4.3,7.5,7.4,21,6.333333333333333,17.733333333333334
224,Marc Cucurella Saseta,133,3.7,5.0,5.4,33,4.03030303030303,26.6
250,Liam Delap,132,3.6,5.5,5.6,32,4.125,24.0
121,Mikkel Damsgaard,131,3.4,5.0,4.9,34,3.8529411764705883,26.2
487,Harvey Barnes,130,3.9,6.5,5.9,17,7.647058823529412,20.0
6,William Saliba,130,3.7,6.0,6.4,35,3.7142857142857144,21.666666666666668
506,Murillo Costa dos Santos,130,3.6,4.5,4.7,36,3.611111111111111,28.88888888888889
579,Son Heung-min,129,4.3,10.0,9.7,24,5.375,12.9
452,Amad Diallo,129,5.0,5.0,5.3,20,6.45,25.8
97,Francisco Evanilson de Lima Barbosa,128,4.1,6.0,5.9,28,4.571428571428571,21.333333333333332
507,Ola Aina,128,3.7,4.5,5.3,35,3.657142857142857,28.444444444444443
106,Nathan Collins,127,3.3,4.5,4.6,38,3.3421052631578947,28.22222222222222
21,Declan Rice,127,3.6,6.5,6.3,33,3.8484848484848486,19.53846153846154
16,Bukayo Saka,127,5.1,10.0,10.4,20,6.35,12.7
384,Cody Gakpo,127,3.6,7.5,7.2,23,5.521739130434782,16.933333333333334
249,João Pedro Junqueira de Jesus,126,4.7,5.5,5.5,23,5.478260869565218,22.90909090909091
613,Tomáš Souček,126,3.6,5.0,4.8,30,4.2,25.2
220,Robert Lynch Sánchez,126,3.9,4.5,4.5,32,3.9375,28.0
19,Gabriel Martinelli Silva,125,3.8,7.0,6.5,25,5.0,17.857142857142858
178,Danny Welbeck,125,4.2,5.5,5.5,24,5.208333333333333,22.727272727272727
402,Rayan Aït-Nouri,125,3.4,4.5,5.1,37,3.3783783783783785,27.77777777777778
485,Anthony Gordon,124,3.6,7.5,7.4,28,4.428571428571429,16.533333333333335
258,Tyrick Mitchell,123,3.3,5.0,4.8,37,3.324324324324324,24.6
386,Alexis Mac Allister,122,3.5,6.5,6.2,30,4.066666666666666,18.76923076923077
48,Youri Tielemans,121,3.4,5.5,5.5,35,3.4571428571428573,22.0
251,Nicolas Jackson,121,4.0,7.5,7.7,28,4.321428571428571,16.133333333333333
292,Vitalii Mykolenko,121,3.5,4.5,4.4,35,3.4571428571428573,26.88888888888889
18,Noni Madueke,120,3.8,6.5,6.0,27,4.444444444444445,18.46153846153846
432,André Onana,120,3.5,5.0,4.9,34,3.5294117647058822,24.0
610,Aaron Wan-Bissaka,118,3.3,4.5,4.5,35,3.3714285714285714,26.22222222222222
474,Fabian Schär,118,3.5,5.5,5.5,33,3.5757575757575757,21.454545454545453
5,Gabriel dos Santos Magalhães,117,4.2,6.0,6.1,28,4.178571428571429,19.5
583,Dejan Kulusevski,117,3.7,6.5,6.2,27,4.333333333333333,18.0
260,Marc Guéhi,116,3.4,4.5,4.7,34,3.411764705882353,25.77777777777778
17,Martin Ødegaard,116,3.9,8.5,8.2,26,4.461538461538462,13.647058823529411
314,Bernd Leno,115,3.0,5.0,5.0,38,3.026315789473684,23.0
476,Dan Burn,115,3.1,4.5,4.6,37,3.108108108108108,25.555555555555557
299,Iliman Ndiaye,114,3.5,5.5,5.2,29,3.9310344827586206,20.727272727272727
325,Emile Smith Rowe,114,3.4,5.5,5.0,25,4.56,20.727272727272727
8,Jurriën Timber,114,3.8,5.5,5.5,27,4.222222222222222,20.727272727272727
257,Maxence Lacroix,114,3.3,4.5,4.5,35,3.257142857142857,25.333333333333332
366,Alisson Becker,112,4.0,5.5,5.5,28,4.0,20.363636363636363
32,Emiliano Martínez Romero,111,3.0,5.0,5.0,37,3.0,22.2
83,Dango Ouattara,111,3.5,5.0,4.5,21,5.285714285714286,22.2
399,Ederson Santana de Moraes,111,4.3,5.5,5.3,26,4.269230769230769,20.181818181818183
416,Bernardo Mota Veiga de Carvalho e Silva,110,3.3,6.5,6.1,29,3.793103448275862,16.923076923076923
508,Neco Williams,109,3.1,4.5,4.5,28,3.892857142857143,24.22222222222222
422,Mateo Kovačić,109,3.5,5.5,5.4,25,4.36,19.818181818181817
227,Levi Samuels Colwill,109,3.1,4.5,4.4,35,3.1142857142857143,24.22222222222222
596,Dominic Solanke-Mitchell,108,4.0,7.5,7.3,25,4.32,14.4
24,Christian Nørgaard,107,3.1,5.0,4.8,34,3.1470588235294117,21.4
517,Elliot Anderson,107,2.9,5.0,5.0,33,3.242424242424242,21.4
453,Alejandro Garnacho Ferreyra,106,2.9,6.5,5.9,23,4.608695652173913,16.307692307692307
582,Mohammed Kudus,106,3.3,6.5,6.2,31,3.4193548387096775,16.307692307692307
491,Sandro Tonali,106,2.9,5.5,5.5,28,3.7857142857142856,19.272727272727273
374,Ibrahima Konaté,106,3.4,5.0,5.3,30,3.533333333333333,21.2
316,Antonee Robinson,106,2.9,4.5,4.7,35,3.0285714285714285,23.555555555555557
415,Sávio Moreira de Oliveira,106,3.7,6.5,6.0,21,5.0476190476190474,16.307692307692307
2,Kepa Arrizabalaga Revuelta,106,3.4,4.5,4.6,31,3.4193548387096775,23.555555555555557
291,James Tarkowski,105,3.2,5.0,4.7,33,3.1818181818181817,21.0
414,Phil Foden,105,3.8,9.5,9.1,20,5.25,11.052631578947368
477,Tino Livramento,105,2.8,4.5,4.6,32,3.28125,23.333333333333332
236,Pedro Lomba Neto,104,3.0,6.5,6.1,24,4.333333333333333,16.0
516,Callum Hudson-Odoi,103,3.3,5.5,5.1,25,4.12,18.727272727272727
38,Ezri Konsa Ngoyo,103,3.0,4.5,4.5,33,3.121212121212121,22.88888888888889
139,Bart Verbruggen,103,2.9,4.5,4.5,36,2.861111111111111,22.88888888888889
469,Nick Pope,102,3.6,5.0,5.0,28,3.642857142857143,20.4
160,Yankuba Minteh,102,3.2,5.5,4.8,20,5.1,18.545454545454547
473,Lewis Hall,102,3.8,4.5,4.7,24,4.25,22.666666666666668
490,Joelinton Cássio Apolinário de Lira,99,3.4,6.0,6.0,29,3.413793103448276,16.5
241,Moisés Caicedo Corozo,98,2.6,5.0,4.9,38,2.5789473684210527,19.6
568,Pedro Porro Sauceda,98,3.0,5.5,5.2,28,3.5,17.818181818181817
30,Kai Havertz,97,4.2,8.0,7.7,21,4.619047619047619,12.125
420,İlkay Gündoğan,97,2.9,6.5,6.3,25,3.88,14.923076923076923
451,Marcus Rashford,95,3.8,7.0,6.6,16,5.9375,13.571428571428571
440,Diogo Dalot Teixeira,95,2.9,5.0,5.0,31,3.064516129032258,19.0
158,Georginio Rutter,95,3.4,5.5,5.0,19,5.0,17.272727272727273
326,Adama Traoré Diarra,95,2.6,5.0,4.5,18,5.277777777777778,19.0
107,Keane Lewis-Potter,94,2.5,5.0,5.0,36,2.611111111111111,18.8
71,Illia Zabarnyi,94,2.6,4.5,4.4,35,2.6857142857142855,20.88888888888889
300,Dwight McNeil,93,4.4,5.5,5.1,15,6.2,16.90909090909091
226,Trevoh Chalobah,93,3.7,4.5,4.4,23,4.043478260869565,20.666666666666668
628,José Malheiro de Sá,93,3.2,4.5,4.4,29,3.206896551724138,20.666666666666668
22,Mikel Merino Zazón,92,3.3,6.0,6.0,17,5.411764705882353,15.333333333333334
390,Ryan Gravenberch,92,2.5,5.0,5.0,37,2.4864864864864864,18.4
372,Andrew Robertson,91,2.8,6.0,5.8,29,3.1379310344827585,15.166666666666666
644,Jean-Ricner Bellegarde,90,2.6,5.0,4.9,20,4.5,18.0
408,Rúben dos Santos Gato Alves Dias,90,3.3,5.5,5.5,25,3.6,16.363636363636363
37,Lucas Digne,89,2.8,4.5,4.4,28,3.1785714285714284,19.77777777777778
163,Jack Hinshelwood,89,3.4,5.0,4.9,22,4.045454545454546,17.8
302,Idrissa Gana Gueye,89,2.4,5.0,4.8,35,2.5428571428571427,17.8
290,Jarrad Branthwaite,88,2.9,5.0,4.9,28,3.142857142857143,17.6
418,Jérémy Doku,88,3.0,6.5,6.2,16,5.5,13.538461538461538
438,Noussair Mazraoui,88,2.4,4.5,4.2,34,2.588235294117647,19.555555555555557
151,Jan Paul van Hecke,87,2.6,4.5,4.5,33,2.6363636363636362,19.333333333333332
84,Marcus Tavernier,87,3.0,5.5,5.4,20,4.35,15.818181818181818
646,João Victor Gomes da Silva,87,2.4,5.0,4.9,35,2.4857142857142858,17.4
388,Curtis Jones,87,2.6,5.5,5.3,19,4.578947368421052,15.818181818181818
167,Carlos Baleba,87,2.6,5.0,5.0,31,2.806451612903226,17.4
311,Norberto Bercique Gomes Betuncal,87,2.9,5.0,4.8,15,5.8,17.4
338,Rodrigo Muniz Carvalho,86,2.8,6.0,5.5,8,10.75,14.333333333333334
456,Jadon Sancho,86,2.8,6.5,6.2,19,4.526315789473684,13.23076923076923
88,Lewis Cook,82,2.3,5.0,5.0,32,2.5625,16.4
605,Maximilian Kilman,82,2.2,4.5,4.3,38,2.1578947368421053,18.22222222222222
327,Andreas Hoelgebaum Pereira,81,2.5,5.5,4.9,25,3.24,14.727272727272727
352,Jack Harrison,81,2.4,5.5,5.2,24,3.375,14.727272727272727
407,Matheus Nunes,81,3.1,5.0,4.9,19,4.2631578947368425,16.2
612,Lucas Tolentino Coelho de Lima,80,2.4,6.0,5.7,27,2.962962962962963,13.333333333333334
637,Toti Gomes,79,2.5,4.5,4.3,30,2.6333333333333333,17.555555555555557
54,John McGinn,78,2.3,5.5,5.2,27,2.888888888888889,14.181818181818182
